0.2663085830546681 0.8369683545625619
-0.49073637025136274 0.7505415887555584
-0.19634412842931592 -0.9932905786623845
0.9941037756308668 -0.11760447432303933
0.7744975322232264 0.26718963194413137
0.7695224184267497 0.5710545189417691
-0.4595890850064521 0.7474359476602297
-0.7976438308942468 -0.4782628303297487
-0.25746604669213213 0.8923026957807765
-0.5998684031309311 -0.9583618090872583
0.8329006188438841 -0.1691035039792732
0.8035250285690336 -0.2359223378318689
0.6781618370125793 -0.4444500301040957
-0.8934117946479103 0.05177460237813647
-0.6067775631288621 0.7799222536911157
0.8574557749656526 0.9877912264116624
0.811756402892144 0.06543286933102332
-0.2668917956618686 -0.8200320226873112
0.7973317114502922 0.9596414177609425
0.5647929067436692 0.2804338502848953
0.781211270779971 -0.1993020009661468
0.6951351021497627 -0.6539711726716104
0.8148416763350024 0.6383718742535203
0.09606720368417188 -0.13860710440753987
-0.3301665955110251 0.9501381404868752
0.23067375149752012 0.777372692284322
0.4594305677880539 0.7000879807083595
-0.8290661359617664 -0.4986135152108475
0.5404125940787885 -0.15709877347779622
0.4360956100962907 0.8928508007909983
0.6817695080698778 -0.96413933918412
-0.8388649844512632 -0.2121656252399744
-0.3224657917672782 0.9868528542399972
-0.9404267854025545 -0.5414594882152965
-0.05639515432981734 -0.9315994701221302
-0.4637212877303434 -0.9734059228190721
-0.8266507805756929 -0.5269242094783173
-0.07825345187519095 -0.8693241988505578
0.9689263887515138 -0.7611970231217282
0.5340842097652816 -0.6691180079399961
0.2854555539663517 -0.7850378228732446
0.3121763558805959 0.9589992536557213
0.9301835406630825 -0.3860425439815338
0.8192161102771989 0.24373605278363852
0.10363148532966227 -0.8520533931564125
-0.10585769518273724 0.6831330978589567
0.997034099200323 -0.8009353623071789
-0.9429250935857802 0.1338008864059712
0.8173455033954684 0.08976488305197927
-0.6124655585413681 0.6096296067806164
0.6365162281693124 0.8443464046122204
-0.6390746040216548 0.9282575874955403
0.1894793191679025 -0.5566319810537239
-0.3849950524487522 -0.851033102377432
-0.7561900948529154 0.61723910586379
-0.2138038282130017 -0.8016077444770056
0.5015100837228077 0.8663426748526422
-0.8829833202633008 -0.54889774622219
-0.9903171948391234 0.5020301288762299
-0.9484521482423574 -0.3678012943057192
0.03647308737665589 -0.6370926986341521
-0.18121935446773385 0.896729055779494
-0.5379886811767189 -0.6573899476795124
-0.6283000548077753 -0.6983619456557137
-0.6697532942672648 -0.2839260577750924
0.48906299027939615 -0.9432779003764058
0.796443039328903 0.2194432501115473
-0.8168310519744686 -0.6567543995835805
0.6969182381178092 -0.8889172207470293
0.28845224077479914 -0.6343639308465281
-0.11787435979578764 -0.9763005266660769
0.09504089123283443 0.9644002405613428
-0.7217788462259054 -0.8869974546754762
0.7394003025153653 -0.31738327885758566
-0.12160370103087281 0.9942876322717555
0.8054728334965924 0.7709463070412335
0.8303296261368069 0.10064908012114393
0.4960280675004496 -0.9473725758764207
0.7509974472501573 0.8876615094527616
0.6266475613163731 0.7996508045339432
-0.8597451553161668 0.8174294221136849
-0.8164038719935793 0.3247924055164484
0.8801457314532781 -0.1483553109434086
-0.8573727485776772 0.39952972054333746
-0.9215665799332557 -0.5183275282380833
0.7112732791424583 0.050020614021378806
0.9523019774201038 0.7041416699011085
-0.7706311884307813 -0.8048129800417925
-0.9228551545426731 0.38428060940842834
-0.7964054872933561 -0.07470352040215844
-0.8386292598598031 -0.225348872109155
0.4835859365614832 -0.9203421655756192
-0.8570022269705935 -0.7969390734271935
0.5319485868312575 -0.9966727867143128
-0.5452050931004342 -0.6893091010720236
0.949424332145508 0.4451633352817064
0.8118391274891796 -0.3277023049730272
-0.8095059116282235 0.36238602613952464
-0.63005816751985 -0.5253142211010144
-0.22545257614740222 0.7797404702467534
-0.8491199210008624 -0.22839889401222147
-0.9311712268327259 -0.4823133112263214
-0.48721388966794166 0.8944945121886958
0.4362706406978285 0.9517347045993041
-0.7604127256783528 0.5272074373039264
-0.5959762862603926 0.7188684747979799
-0.34136725287068037 -0.877915381498656
-0.04129248516295725 0.8541110958679852
0.7920289597852743 -0.8955855783904323
-0.40516662844010676 0.7160150047884719
-0.7272660429283135 0.5039479016058404
0.1652522192260455 -0.19186951266788466
0.06920047554289765 -0.8172649532070637
-0.600504375716771 -0.760636401593823
0.9355462420126233 -0.883633358684879
0.22071862640383877 -0.06816462954048386
-0.7447839571582326 0.33084241251199953
0.6363956160018758 0.7325008306222742
-0.8692707744731683 -0.1755890281107051
0.43893981440293084 0.828242900537068
-0.4480156907435171 -0.7432274871044509
-0.951882015958625 0.7202326174129918
0.5975554706033435 -0.9416734559711613
0.2377490601109813 0.5872875734484722
-0.9449511552912029 -0.6839610314641347
-0.13535724582689435 0.8731933094473334
0.8616799805054496 0.7811956163863683
0.6021142291086079 0.6913915129753392
-0.924075718570087 0.7870176388293342
0.7743257952100249 -0.43009005620210905
0.3164838580763303 0.05019024612891232
-0.8431757329549676 -0.47124005435880556
-0.8128308498796053 -0.3987195175109228
0.03171457258901511 -0.5052194288055745
-0.4555186819999837 -0.8448817691871322
0.21334661578744663 -0.9803994326250851
-0.34529081616311097 0.9745070851004205
0.46345874275024634 -0.8915913689230397
-0.4966398950342332 0.9401818236536563
0.7746905190212803 -0.4671267344125163
0.4537830369801361 0.961421808013998
0.4622178107849597 -0.7577151114831773
-0.8882424405640508 0.6138373875398813
0.03386179852184479 -0.8847357534430433
0.8587172668262786 0.8282231072791044
-0.9089277478503379 0.18122478901425576
0.8852159901413272 -0.7258918204929636
0.6069647028488221 0.5435383855117877
0.5073696588935142 0.9940012298522387
0.8084959292729859 0.47227550344034075
0.9823165197616692 -0.5077059262025487
-0.5424802163985245 0.5991059796380902
0.7404103400307369 -0.9179473359927897
0.98945866216454 0.8316291532801574
-0.7662784989075753 0.24577887139369903
0.64841657229488 -0.7575636690215004
-0.9606928939195241 0.5755072632258893
-0.08141390477588795 -0.6034325916174772
0.9016786769245562 0.511092431038795
0.4476244119045927 0.8816221297534415
-0.8081558857087197 -0.44114133882040263
-0.9773420756795348 0.3445465987260192
-0.26139700073431205 0.7758391796009829
-0.34490251739882516 0.8329332534032718
0.9583492193185057 -0.1406126470299125
-0.8796306328467327 0.4031144865046363
0.5757409602939223 0.693940789189778
-0.9723063173976347 0.15883551621777814
-0.8002877942520921 0.43538325077564277
-0.3384551326052774 0.9237756567051123
-0.7726935619652604 0.37695944048863117
-0.9663738391960235 -0.08653373759934979
-0.814090508326458 -0.032870502045369676
-0.8931483339189739 0.8151334080719022
-0.7962336189374075 -0.5142423166933792
0.558936107007632 0.5171046066179259
0.8331662930890695 0.6594843953793257
0.958757233567096 0.04040909004884097
-0.7765709228102085 0.717200913276554
0.09297760047426218 -0.9388607809971607
-0.15399498299696202 0.8467527999033762
-0.4534521267893592 -0.9905628121397896
0.822814900306593 -0.32134614883674484
-0.3858574175654128 -0.8387409935715511
0.772126452442063 -0.5549071726964732
-0.48484323040888366 0.8123920807604812
-0.875139731053759 0.7634169882580903
0.28408874465493494 0.7576235392782167
-0.32603579584714804 0.8282736047090793
-0.8418884733840921 0.10640981420655127
-0.6309936752505121 0.8352745561291113
0.6578972107068 -0.6168557365934291
0.9747576588796583 0.2728920811272939
-0.43197593497188946 0.9451234057544249
-0.8490185038580687 -0.5768723520176398
0.8576543104467933 -0.6057110222670807
0.35077963537402157 0.7868955744710298
-0.6899223427348218 0.39616760586645894
-0.9161556064512995 0.5222405579394505
-0.8439806485042529 0.3885107588077472
-0.6787256840865998 -0.4274218769042546
-0.8579130817351701 0.9802196201371123
0.1540869525387094 0.7917160602609823
0.31177463293068497 0.10491930951200001
-0.7078973772694441 -0.6770226255012239
0.7328219265770197 -0.8372039451521769
0.5364641978925306 0.6551773327124328
-0.20844087167799508 0.4653141786215973
-0.5466569466501925 -0.8373611926938835
-0.9493004889756131 -0.5436311961317237
-0.915847032822305 -0.5825874130069524
0.8789144853729363 -0.5778836189895775
-0.9825327681849609 0.1026011681110508
-0.9277442914123568 -0.6837302406235002
0.37397850473272665 -0.10261720319480472
0.7663809658413059 0.42970498033750526
-0.4383658720814112 0.8694530894344306
0.8363848611013474 -0.20665692140580605
0.5216092426189425 -0.8614865450929368
-0.9135803903285364 0.6628900948754903
0.8052756001223136 0.1915466174294982
0.8569366669978358 -0.9345544408706352
0.8758052177250353 -0.835316304092429
-0.2930249202792319 0.7668257238841396
-0.6216031708516565 0.7024023187962158
-0.5143666878779845 -0.7033471169020669
0.4938325019851362 0.9579523779702086
0.6314416270979675 -0.958056263266484
0.9234820786356908 -0.24099247045337746
-0.3968995975846328 -0.8713332999544425
-0.919485924979863 0.4095183304158325
0.884298332633559 0.8980642705806807
0.7854840949505437 -0.48058635418439555
0.7802242905010246 -0.19541196979462616
-0.997758877779956 -0.3891118854333584
0.4306008541744204 -0.7235035963413878
-0.8356255729301243 -0.8727716027865979
0.8229652124731341 -0.17835583810194744
-0.5453910891432683 0.8160485117426122
0.8918949783959289 -0.7074016111543417
-0.9728371152717485 0.2598002027932964
0.9360372211477506 0.4712806979187909
-0.12450733498024213 0.9554876232648435
0.9790892845335677 -0.009814894250752104
-0.9775768747413587 0.4081016729064524
0.7523624772669335 0.41904954047119425
0.6715351134743821 0.3072049248013966
-0.8500997903017498 0.030183295659393705
-0.18254918919106444 0.8298230711701577
-0.6443443839143892 0.708129713600449
0.9441464216904374 0.2757867744337994
0.8789863021971085 0.9806411817176672
0.5023018531439132 -0.8044464681969945
0.39947041479545997 0.8116878636840312
0.749919262667778 0.4160534050871809
-0.6261359768039765 -0.7978812302171225
-0.4588432438151644 -0.7478846478082684
-0.7979466225805885 -0.008380981851015656
0.317489420103245 -0.9349981632718942
0.19080263008910348 0.9100203382269174
-0.9681320264580695 -0.9204643833964439
-0.7256779798486044 -0.7089447737664152
0.6223753145509257 0.5746539522801597
0.9902067574382685 0.13221145985025928
0.8871167030506397 -0.3475907737911541
-0.7521721844249445 -0.8152702917819465
-0.6164419587014398 -0.7609472551455196
-0.7516409612126391 0.6605216994912704
0.9539907565921641 -0.1010197879323873
-0.6018026945927375 -0.6478307980677762
0.0847848204841164 -0.9631724392445988
0.8676517560894512 -0.3171271557732174
0.48142431812827 -0.5662144647936265
-0.08971566980325107 0.6463433935061775
0.1613520456988593 -0.9494834676049055
0.5806587165781418 0.6103528508367158
0.9202276345414562 -0.6002024380906308
0.62680408571482 -0.5601654754125271
-0.8639459819125135 0.9460945117923045
-0.7273266318278016 -0.3417881660983899
0.4140082984660498 0.9285838573036402
0.9161663247369465 -0.3541016036937945
0.7912499741132994 -0.8129672596108202
0.9109346224155797 0.16890635894548578
0.533158780460294 0.6394818923160424
0.9305351362461598 -0.6441338887172416
-0.8889431774283709 0.7427093758382368
0.6604560372315811 -0.44783128075343526
0.5881757380388148 0.7093616668652365
-0.09142078557219335 -0.7136872717634071
0.8971667941526777 0.34862693456527905
0.6573465731232078 0.5967989165246288
0.6160920315062026 -0.7118431821050915
-0.7199161450814255 -0.6161674025442014
-0.3969974137354251 0.43962211601841616
-0.21360284631741688 0.8134558747797489
0.43695141558516615 0.9923392860593552
0.7645364015932212 -0.43426620917586134
-0.8660092034896714 0.8184240341968156
-0.685324463875375 0.5494792224110563
-0.8914512433889257 -0.46441163569473676
0.8153700521373748 0.44104857929956665
0.7426232164010229 0.8392214924834667
0.6354993582476398 0.9385045897407327
0.6796098840507647 -0.6783782132651897
-0.7287774638497062 0.6235160525241581
-0.9550199889601958 -0.40948410696017046
-0.7844914284895936 -0.7400654538379099
-0.2556458236414836 -0.08404121365168171
-0.7462542134815846 -0.8443647309125386
-0.9741221863865099 0.6459953169742267
0.5038564888957366 0.9654109795825567
-0.9890267430785027 -0.07791158821615873
0.2719721505038686 0.7845345853336425
-0.754024692303211 -0.7054472373281091
0.8191879703355007 -0.537080785655691
0.9271884353223909 -0.24224628278624016
-0.6377277990561228 -0.7077542582918408
-0.3323119196700641 -0.9070733898501249
0.023753619071949394 0.06193353852969974
0.8953181787214606 0.1475917035491201
0.987209710266234 -0.1936267626689876
0.6212120082545312 -0.6063034439483999
0.25901331864608257 0.6123226320930244
0.4999662415800843 -0.41813628963337823
-0.04213523759198168 -0.9484119014791894
0.9164647047451775 -0.7023924129813917
0.7277923608210777 0.8060570735860972
0.7762135527212952 -0.508803864523766
-0.557889198885763 -0.5393475961763805
0.8847600223049492 -0.8494838706255303
-0.5413678088743135 0.9565419900932934
-0.8930246937873181 0.3560117938890983
-0.5194757449256648 0.9742486197954008
0.2122251969276383 0.051052111345751605
0.46225078030713407 0.8836056302027504
-0.488387042597457 -0.9749583998383793
-0.06340986085009725 -0.799126679170503
-0.530916245736863 0.7486218308562747
0.313919605710582 -0.8961750527756325
-0.8933947644149702 -0.8925721217968292
-0.1876876573940307 0.9818397616356769
-0.8761454871700292 0.15136422809815175
0.7589602030185649 -0.6634270277144736
0.13011122769405659 -0.8066551542204154
0.9903066761004735 -0.9728810757612163
-0.7291001871296632 0.6371968236468817
0.9547424961359066 0.869226164068754
-0.9959187122543964 0.2656332773184493
0.9078070729746646 -0.12249546369284903
0.7263381055318299 -0.9902476875774038
-0.3845701913436421 -0.8383668597517506
0.012453067232242265 0.5843736286904575
-0.9029441871415738 0.6702299615243661
-0.3333132332597648 0.6821684606997407
0.9270109161685398 0.7293235661970217
-0.4539811525534756 -0.542195924492727
-0.32294277413378736 -0.7331028482798887
-0.5855304751057846 0.8947632899655773
0.28497909192978854 -0.5096307899148877
0.5036027069702789 -0.6603654126719245
-0.15046494342405525 -0.8627753883023221
-0.22794719001492236 -0.8071938782884123
0.6160739101127122 -0.8610758566856123
-0.030260496762516853 -0.8990405111825392
0.5666613485582286 0.9027646291646572
0.020473931842239113 0.9195823720697143
-0.6015891521115546 -0.9921345356472253
-0.4687522916325868 0.20109484150543033
-0.4107606471063574 0.886257758675683
0.5096410055431884 0.8817185318618963
-0.8515944911591062 0.12989071471147384
0.918047439661694 0.9082790495502897
0.019951170941246543 0.8896625926772228
-0.5844884973717257 -0.8231633596935926
0.7588579483207822 -0.9165662570861608
-0.3964010346038678 0.08601454477630943
-0.6540776251026275 -0.8534667406644734
-0.6191829291451068 -0.9897115748295584
0.5801704853893013 -0.877820195809784
-0.8329964903391485 0.41743187985669117
-0.8848921913183145 0.26954223037694414
0.055924271686611515 -0.8662670375419681
-0.5799904769950828 0.04988634255721869
0.4398196423199314 0.7167141294643946
-0.6278941254650039 -0.9553590780186274
-0.762353077929222 -0.48538903788306587
0.9268298159652308 -0.8399405333558558
0.9113220862640714 0.7338136098846828
0.707106532427539 0.823355573531191
0.8224184576145228 0.02318801982830232
0.9314885245374656 -0.0600201804809426
-0.8563219351348441 -0.16617040389186655
0.9992627661309177 -0.14111730745178241
-0.4102679275765988 -0.8406381331712314
-0.8916569562223866 -0.18518197840223216
0.9683302606711919 0.3485631615543505
-0.5108759208681639 -0.7505718795886116
0.12221623262041548 0.25443249229833986
-0.8112236595353255 -0.6658058933640327
-0.40112301308478493 -0.7881260877681739
-0.5855098978296864 0.8570774343494403
0.6618646998791757 0.5809929347863727
0.13923478013784574 0.6672014043843622
0.9870888585198243 0.13668269673578304
-0.9750366006273945 0.7019017309725826
0.8015335851197092 -0.30737255420713194
-0.8348827790909745 -0.49686048161201835
-0.8554578188116282 -0.21475848655745033
0.42433499927681173 -0.838129762602027
0.5252729368980615 -0.7888641251288253
0.05648132089965818 -0.8971144563584528
-0.2694577670485654 -0.9956159479804738
0.9218662371799791 -0.245345481714081
-0.6407677377400167 -0.49041609526402685
-0.03232944872219212 -0.5401432919868758
-0.8761859585081933 0.6653022132983686
0.8078001635616101 0.9715241883501526
0.4581767849309941 -0.7516556829361214
0.9826564078410316 0.5751909887713362
-0.5850885085371373 0.19362357269540809
-0.16564046267776766 0.9973677000334464
0.5591944816360157 -0.8208650651389562
0.8573020020582429 -0.5825478284844077
-0.581148571398975 -0.7917857850720318
0.8382834725656247 0.8406015050652855
-0.4614831333166305 0.9476039727208108
0.5792102082843851 0.8000601731156691
0.661624563021322 0.7459621436064059
-0.6177039660425256 0.9782960293260452
0.8128351239505092 -0.7505906909184703
-0.9318365319735822 -0.444952904862119
-0.6960050457159603 -0.4130563206684532
-0.3942383952100301 0.7066764532265861
0.2994741871553763 0.9934397788957996
-0.1589174648690519 0.987003966299917
-0.7200020589958072 0.7451735535960948
0.4598203681560744 -0.8570622124051386
0.8853143348481207 0.15639589676865873
0.6693048514945783 -0.9418638226426284
-0.16788925195106952 -0.9354320066120116
-0.19108418547002382 0.9464028783003866
0.10628036821021558 -0.8937210380971814
0.5700879352391974 0.5932020356216949
0.9377344758684134 -0.3428332171825266
-0.4932911736784571 -0.7249428685817225
-0.8075700403216155 -0.9326780962536991
0.3586793982788896 0.8347201924278929
0.4841708667545579 -0.6551087108965401
-0.9288545484142097 0.5684314837457012
0.9331034997831631 0.33856100144620593
-0.2966087324347164 -0.8022305088126915
-0.9992957084987257 -0.5750109402990655
-0.7220719206069357 -0.33434818491925555
0.4135966251876111 0.933797514768558
-0.7967968288227025 0.2072178715440134
0.8117637603686232 0.14566329322690175
-0.9638119881265776 -0.9774088674780659
0.974944382559704 0.7894001603061196
-0.4503829362190843 0.7019596680081333
-0.7395941082533899 0.6707532158734106
0.5625177524393901 0.6761672018968035
-0.6433750645220457 -0.5511727006510223
-0.2855194585589287 -0.894812249144143
0.23508592180485754 -0.825470976654002
-0.78334102576379 -0.07968968399509091
0.7953716902662986 0.7186516097550542
0.2770543588390477 0.7977527882482551
-0.9382136501803311 -0.9599461151807773
-0.7979603854127935 0.08277328156895503
-0.419247335875244 0.9146116620073654
-0.2685485757848525 0.30126950214327786
0.3955710462990556 -0.9482461201191961
-0.9668637899462642 -0.41517697482630744
-0.4348138917878479 -0.9605959716694059
0.5909973153182779 0.9152849974787274
0.5867788298489443 0.5676881277263224
0.15114537582495657 -0.7972743070211894
0.6659627609752807 -0.922117074158568
0.9393161936840884 0.6424325227570953
-0.03953357649821054 0.8458823670985764
0.1494026589765478 0.9637055485630641
-0.9815492845427978 0.7046428738553634
0.7082164388485332 0.828776476924185
0.3000623272371892 0.7637488739997078
0.47386112360543065 0.9644767012395874
0.9564388659413963 0.5147160009979703
-0.9057712760693646 -0.9824726162173225
0.7446561183031495 0.5181612474515211
-0.7051310361814604 0.9129655889780495
-0.8696328977268455 -0.9334675990826848
-0.08818660368121334 -0.9325210921662086
0.10980498283952644 0.9370729996417608
-0.7812325301458567 0.9819191888668162
-0.5613247416403002 -0.9985582576920398
0.9828431067720598 -0.1415964735695674
-0.9079590869229406 0.4949026455914822
0.779400243200622 0.9184044094162502
