0.4405821835378019 -0.1604025266838185
-0.02583465379925065 -0.06757944291264573
-0.010648255869797119 0.3356374366339301
-0.1528834416507172 0.27135232362095096
-0.32283024482174905 0.06382982158631667
-0.637256557805546 -0.3663346781020149
0.05055668026462601 -0.4709524545435926
0.5674179911066037 0.08298819997739759
-0.06908171486449599 -0.006978986452960134
-0.3145174100386203 -0.12288057287412268
-0.21714168818280477 0.1630832588214033
-0.254836576812135 0.9294978731213546
0.16271148391544554 -0.6704383243609919
-0.16941695195425965 0.8919718534574415
0.01881209756517621 0.3567483694100946
-0.5845569394440728 0.7702182010632459
-0.22601753536814662 -0.5340821642583742
0.2648807528872461 -0.07558348768263112
-0.19779516793990348 0.17674380372816612
-0.37264438908160624 -0.9691410683798947
-0.15355068555059082 -0.17741544228630257
-0.5184503481134346 -0.36278728030852503
-0.8088287171164852 0.6622268546160701
0.658510893992531 -0.17206720662600494
0.6260729081445318 -0.03734307479499854
0.14679052404245363 -0.4218607759435775
-0.4021543600405233 -0.9730398092374164
0.3799395390590372 0.27987902197180103
0.785578216044668 0.0013758264247030194
0.1160753959594869 -0.06465325357281193
0.6906443105627491 0.7683037167872719
0.3424380189751217 0.7008383010414407
0.009383666543876457 0.4489666260089835
0.0905515944569677 0.0031930840879872413
-0.29287004664073923 -0.32662496600162716
-0.008437443621456042 0.34483960213882914
-0.239508538189396 0.7320864130503311
0.17923729864425297 -0.2358950538219906
-0.7495659495877178 -0.04770621468602765
7.579629692158196E-4 -0.17402547375718624
-0.17930296326100081 -0.37380144038369845
-0.8288300010363341 0.8634219881015361
0.05177351811414099 0.4366330423023219
0.6947010856772635 0.23846083470828328
-0.35940670450175927 -0.5507239025443942
0.0748792013065962 -0.34322007351869765
-0.32301213389065175 -0.11830683668545272
-0.35309596546650157 -0.6589049023275855
-0.3077042824337175 -0.4989706873070592
-0.1798943105499331 0.3153389246223306
-0.5367233161653941 0.17391093893051557
0.3721410727087122 -0.38595805509342385
-0.2663072630675145 -0.5094632800593639
-0.7878526368255618 0.9109809309187931
0.4502084667361299 -0.5001050052810647
-0.3453410093947198 -0.5045040930586158
-0.2672030798637295 -0.7320367111813377
-0.2380423197199273 -0.6191015530582558
-0.49385692453296115 -0.5416511238361563
0.0797340429280804 0.6016242644841627
-0.4355464759210015 -0.009801719624613403
0.3116799750029935 0.681083730516123
-0.43632942000832875 0.5702774416674969
-0.33260954790944175 0.15025763187483676
0.42865613434032634 0.30458793463583045
-0.21187788842920097 -0.29858203342504064
0.5496112276018503 0.37160115013357853
-0.08289739136712804 -0.3716896170290902
-0.29723144793241296 -0.3420931705054233
0.33488462951091535 0.013728869482034556
-0.08282005439008877 0.557572742474316
-0.12394616496430055 -0.15233162275812773
0.2614143641127795 0.3694798023350445
0.6925287555428008 -0.26190163604073113
0.4092845447404292 -0.0260604862518099
0.7082367657020741 -0.07511426641879804
-0.40948127994975314 0.2532921331458038
-0.01797573657390461 -0.1776767897794682
0.28584681352642827 0.30201347836492687
0.7005404429490294 0.2978310999849212
-0.7125589654802655 -0.017059341007167994
0.32081532573128757 -0.14351038738441524
0.043368007850793866 -0.5973822654610659
0.08879201437927264 0.2558985115026904
0.20993217853679136 0.32182084372447695
0.44471621643476844 -0.14815035118736408
-0.22006205184001115 0.11548099687054458
-0.4722207117722168 -0.19932297742005356
-0.01960670832710587 -0.3422027812803661
-0.41529968201473944 -0.003228460228701824
-0.18829143403200388 0.46883192644873906
-0.070752982998469 0.3323811273943482
0.21790648969607873 0.36102394704639096
-0.22184233774874018 -0.6141455308169965
0.4555913627165049 -0.2003221671682629
0.056308254680980774 -0.3901385189004696
0.13748218406104784 0.5234620041333455
0.8567871389098989 0.07696982586917156
-0.17731767920749641 0.5658826980356215
-0.19885764720908172 0.6807843189707778
0.34155403183727584 0.43756068313725516
-0.0350283670890148 0.5713076709327203
-0.38859627063371316 -0.09402548325985438
-0.058514713162122645 0.7658099753076355
-0.5239150295339754 -0.5614346382625559
0.32395832123174473 0.033041823916696744
-0.24152001480022833 -0.6764551061054094
-0.09831931693936569 0.20354595482920246
-0.18512329653109916 -0.6141896847575945
-0.3074329492788068 0.5878082512049325
-0.5215930732696703 -0.28315582646154724
-0.41300256156719306 -0.32335416579243925
0.2563074693680498 -0.28186352987001295
-0.23525878917522913 -0.11114656098801512
-0.0013756650304064255 -0.47296191873377347
-0.6121549914194642 -0.24192440797893378
0.28035692262058176 -0.7321269568961257
0.1466990389857541 0.09159753867512488
-0.18849605013570558 0.12543995412669595
0.6335599847745308 0.15887246479421546
-0.04489339423615246 -0.9697749718119755
-0.25413220172295836 -0.04726760879827596
0.4936751478950745 0.48453886103034893
0.7257549755143289 -0.17399225377191851
0.9103088954726313 -0.9507250820375814
0.027963919501154955 -0.1660944364859911
0.16456728514629138 -0.6240574653750961
0.5765681783557093 0.04355611934246584
0.10739320282053266 -0.05234886701574881
0.2941327485031211 -0.4452163742521178
0.005079450799339691 0.37572169409557277
0.04534366020034919 0.4608654828352434
-0.20035146485368793 0.6799022728438586
0.07335602465804292 -0.12470294490098288
-0.10995918327683296 0.11097218588420854
-0.7913363706752774 0.34867632839180107
-0.649838731404538 0.18260927115534198
-0.27579405846273586 -0.27675030439295956
0.0398071976301122 0.40794261414295363
-0.28407744571125626 0.333844608845715
-0.5274504588430076 0.004898320732930506
0.051833795302539176 -0.7073376231698929
0.2476659060293136 -0.6332197625726561
0.9559808066042668 0.8439827422276069
0.24984184477411753 -0.06887247869620028
-0.05461933404462016 -0.505476823030335
-0.14453458122422824 0.4530924209224043
0.40421288310620773 -0.14760282601754082
0.6565796813088647 0.42575444192739886
0.44883559286025454 -0.3593741965865276
-0.35303187113207013 -0.8389476220712275
0.4267215638254809 0.20102845031407712
0.6734282723023646 0.13623978368143352
-0.2929299485046082 -0.6226374952305713
-0.45318717488817706 -0.4854325698514752
-0.2493458073585164 0.14201519784769112
-0.24819580778868033 -0.13703645294191502
0.5780855724773262 0.3142147532857653
0.4837276900554568 0.40938874045278073
0.13884347124527618 -0.6249024189263428
-0.4605380121631011 -0.29595328212538563
-0.17465359736608166 -0.45260603712878744
-0.7265715769673533 0.09834528424480826
-0.2965624426600477 -0.27272963507549774
-0.37125057430622266 0.35086193099496676
-0.23121367410309945 -0.6719124220510047
-0.6136263628788154 -0.030019207541293058
0.34989353991074035 0.4694212503003552
0.24903858260599954 0.46507213882267284
-0.9135886649395724 0.12491694188999514
-0.05916784360062333 -0.009325802951820839
-0.4232220128652586 0.3663180752154853
-0.7753740950843258 -0.009699833416584314
0.020337733735941388 -0.7698967679984707
0.8406954234107433 -0.5999442747260102
0.15399829088357642 -0.14180002381959667
-0.2930067291722305 -0.22007392205853726
-0.30443498825346826 -0.27954320356073414
-0.08200187861268016 -0.30710304145728395
-0.38474972188893086 -0.6915994699265411
-0.1360146599334573 -0.9784846118452435
-0.05691703676368065 -0.721159278910011
0.6925065523443157 -0.17613672685206794
-0.21051259146380508 -0.7206276065912678
-0.6669213139024772 -0.240006334797237
0.24338310788793027 0.04201670490624343
-0.24628974016760607 -0.6803391664277414
0.32416885524850936 0.14503086262249987
0.15111264561749693 0.5144919885621735
-0.43272788937987516 0.19846804996052403
0.197336141279439 0.5865424964789998
0.35146537550012624 0.37699398461907485
0.13338937435650733 -0.7711668322069651
0.37094154952407044 -0.6359250295009249
0.3790728486546344 0.26950192879703483
-0.5072811607746768 0.34626295767419357
-0.7579753501752411 -0.14119528661347358
-0.21614695893121327 0.7598438684445172
0.02021719485666873 -0.029150874014963524
-0.40827585131441757 -0.3297867563355865
-0.334203096095089 -0.06608581150608162
0.7529667872853711 -0.20369250519844306
-0.21351728394865832 -0.15776866776425424
-0.5920615450011624 -0.07059914502737485
-0.287709369141548 -0.08744181733226064
-0.1728906316192227 -0.5194306842309708
0.6128806442412018 0.7066285338171872
0.6427866722668738 -0.30694732398636626
0.4203624001472086 0.3792607961949346
0.9988099261564813 0.627974393567805
0.40619748007773904 0.5401429379647176
0.5203308582525232 -0.38976762200083304
0.018360643176800417 -0.36347166009966303
0.28412707554761907 0.327504275022825
0.22319557794313072 -0.43060571036381723
0.21281354995915192 0.03674481719425948
0.10587337625819448 0.7683120391373395
-0.32024143936781035 -0.008399171474830824
0.7829764518219482 0.49508435403912787
0.7017393545598372 -0.09150237579059683
-0.13633700718787356 -0.5809628272834322
-0.031908874675737886 0.34868790862857924
-0.17284695194586908 0.711203421988815
0.21053316734879068 -0.6649110667873845
-0.4336732801711385 -0.5099609663970839
0.6958264084060388 -0.15602374858980617
-0.32824551814663594 -0.2933067480252354
-0.4218624659242769 0.21823318027448546
0.5761573293010733 0.14109301347528302
0.46310502236312745 -0.005943511854219485
-0.46014606349074194 0.3166017567661523
0.3030628732094245 0.5036186342992743
-0.03355856061956097 0.24424302786813223
-0.15567076725087592 -0.3265652198162503
0.3152774609654374 -0.3329170913393167
-0.008662516245093732 0.41381288016870577
-0.40549278425166846 0.31713888183508865
-0.3773770327002548 0.1919054427129634
-0.6083538450238091 0.9458985423570501
0.09103488685497685 0.20746836136988467
0.2031770924786369 -0.5712976882877767
-0.35531651354686944 -0.6348849211158141
0.008396919047445328 0.28343838868858406
-0.32055035220117634 0.3220690076182391
0.39843961735327005 0.3382957587912414
0.805906819412078 0.5732660784213004
-0.052502392418852795 -0.09109463636082826
-0.26369633369200596 0.1623254378717518
-0.5296353412967165 0.05243327972908007
0.40836680516218826 -0.37097946007621796
-0.37601443384545186 -0.32088142042677026
-0.2674953854306261 -0.7313670894291704
-0.41895543097760934 -0.6497025230689144
-0.429080872604342 -0.05572112885932379
-0.5437111545875588 -0.387928965080063
0.28693040344496556 -0.5818199215608344
0.007030478168567056 0.2224815065170287
-0.292185843243826 -0.06439534388086066
-0.5124492379751107 -0.18875772716285177
-0.4814860267515111 0.3356729297683161
-0.66268945034612 -0.42138092596441235
-0.16315420402109848 -0.15475123848455263
-0.1741611246126804 -0.28905164981781284
-0.39734014057605394 0.5250797515016117
0.5447427487748946 0.8340506129445109
-0.04783089808829932 0.5486728311353901
0.5806692803106024 0.032262175305790564
0.7570306457192193 0.004458244102260256
0.467760117993528 -0.3252366930583619
-0.3784174282062389 0.5300758156322201
0.8983146966120072 -0.221659827162221
-0.3029528477075858 -0.030628818327973928
-0.708085274167009 -0.16024277142374466
0.2787027092311849 0.1321742890883877
-0.27509423842926073 -0.6824451085079264
0.38829555407079486 -0.5953328928158337
0.2721691772490882 -0.43932565906134013
-0.3057436985722981 0.16435682520299433
0.5235454685099852 -0.7627261645994683
-0.04470638155292783 -0.6405794968345229
0.285852743771176 -0.4359414887349602
-0.09202379051730247 0.45650873435008843
-0.26139625590674265 0.07394420429699111
0.4692629957992793 0.5882991924725114
0.7817033517675256 0.15330210975903147
0.24640508449604637 -0.6171759759233448
0.5642751160964758 0.2744677588553672
-0.18940283404098657 -0.5713453395770838
-0.5302277890472149 0.2420908851213468
-0.5224375886602883 0.46765933474064725
0.05214806015716977 0.3704415205022402
-0.6614781769401554 -0.08781042448495735
0.17728031623462126 -0.522922974059848
-0.09032406073462473 -0.20482449996488628
-0.43575543759028923 -0.6090841387607315
-0.04616657858091999 0.12689769313884702
-0.668140086959397 -0.3315725597315784
-0.7673218970477313 -0.005057635717625741
-0.4890224367897258 0.6042043055443049
-0.7481428465262907 0.16189063296631523
0.2234709041953178 -0.6540515518045364
-0.4626786109583103 0.45204621130547373
0.12636898617400738 0.6147571393885702
0.819187001067849 -0.17291359909084858
-0.12120868118237982 0.558198569352891
-0.7577664794504173 0.07438050381407035
0.31482910590129043 -0.017483171714679502
0.2530402260875433 0.25884151842365744
-0.30302067032753444 0.6951538028392776
0.5620055371646229 -0.07592950758008787
0.47924109923840064 -0.028286468555617228
-0.617027853585137 -0.25273043498935577
-0.5224451175535072 0.24705678505164252
-0.18741374519637555 -0.5446271487967822
0.5009320838037654 0.14549704629246318
-0.5432940862498765 -0.2740942661044308
0.02963807476151814 0.7341803051754281
-0.5945151973334102 0.2183556192910412
0.06349719678872146 -0.559903000565902
0.1453037687144123 0.005899291164333409
0.5681454036732314 0.23580764128295728
-0.1062435698319455 0.41049991726157264
-0.3197831088066667 -0.953672225276045
0.08077495838571358 -0.5485549846768318
0.40445228847382264 0.6099621389948819
0.2427439340187525 0.10521731672439794
0.1906104034680467 -0.59505780118012
0.27412285261048064 0.10241801540113138
-0.3914191424534219 -0.40287200567206827
-0.47716376689717244 -0.2871197360361841
-0.07941031696329848 -0.1256502828123356
0.08285979896605244 -0.31372104442584514
0.19596691891654472 -0.7474965410285677
-0.3989589186278537 -0.2399442544855468
0.5379641324226994 -0.15517197486256173
0.1687623902116724 0.6987677857457575
0.6921009462399319 -0.3822726278473818
0.045023099057382776 0.7227373175907059
-0.601310967960085 -0.10296014461633285
-0.3152738370016963 -0.20992201716398484
0.5635189225582953 -0.15337360167557668
-0.26791420607739513 -0.202014037127916
-0.15872066291955078 0.17029833289667273
-0.6587963213186276 0.7809873153414792
0.55323465140936 -0.04433753999594647
-0.4011275178671574 -0.38049271652250405
0.5978057784447575 0.551128010242318
-0.3351574499593992 -0.16656420651964865
0.7297630844038889 0.12572111904880612
-0.4417660049274028 -0.49898229376645653
-0.10055669283683533 0.2686454168858099
0.1915626331333955 -0.451484431831493
0.540272868529573 -0.4365936183355048
-0.9875890964255019 0.13246478204585377
-0.07354516345577178 -0.4949470172390451
-0.05759894146690847 -0.3468961045096539
0.16792113005440523 -0.2058623185519719
0.24297751252570077 -0.0038352179362568517
-0.09440670832678189 -0.3542805879943083
-0.7874676594234096 0.3068418462104241
0.061202913051479735 0.0968619230146801
-0.22789000772944568 0.4265886794798872
0.10487488190112404 -0.7109719483873909
-0.463606432484863 0.28225799745560876
0.22922758562614143 0.20872010165168353
-0.09171572280431461 0.38694644934069555
-0.06061528662580784 -0.661711130235676
0.4052990934556584 0.1357830335638297
-0.5484161002946464 -0.5720356322727611
-0.5158309190185402 0.20731421475448553
-0.694929680991468 0.08391405090160231
0.45045169911875105 -0.5006814709753709
0.2341305991196978 -0.6989411361782023
0.6096409501344637 -0.3567532360626078
-0.21094771940211365 -0.16204606100556407
-0.01732478753439559 -0.610718641757561
0.6120155295591021 0.33822481094998524
-0.12767682858751694 0.273269498495021
-0.20335009776324187 -0.403366513994762
0.736726300174154 0.08310051639782379
0.5389248984876394 0.08005588311846701
0.4059262582683234 0.4536502855311835
-0.774856385497964 -0.05926643384409935
-0.14820989679656393 0.026962894532272852
0.10654730070613838 -0.48233693826052915
-0.5482422887961023 0.18384127342712064
0.07715004433428829 0.8699612802325507
-0.09885758415891521 -0.5204213710367975
-0.14461389041015593 -0.09455680285627244
0.4046544926130191 -0.25956961284545454
0.03725806167559842 0.11585851723050977
0.5755314296575715 0.20571698303197228
0.3280731841873725 -0.34632945518478
-0.13507902428986363 -0.6512351144451565
-0.8205249564309092 -0.5987789194285267
-0.38854378055483973 -0.2562836245791822
0.383005891062427 0.05502382974882747
-0.2445988300169799 -0.11166643985599478
-0.5440791996393859 0.22735147488562735
0.5149369814978795 -0.033331104258534694
-0.1809004109489556 0.24753201815686232
-0.32889509289323215 0.587647687748504
-0.12133675957398982 0.7612640360254246
0.0057859493602927525 0.09533081930711806
0.4594447345477253 0.6451093538602879
0.7966635511155029 0.025876549938907978
0.1637053990994637 0.7383713660664284
0.3739930210591569 -0.19483727062329015
-0.191324868305204 0.0643525676328418
0.5220398231970196 0.3060701025994028
-0.30380607913762003 -0.629451382327888
0.236388875644447 -0.48653073573836947
0.2599094131717494 0.5816718821929776
-0.2154225412041355 -0.1791337811893554
0.30831829149880585 0.026908069675842805
-0.28488328674861263 0.0015172265780560856
0.041268756528797024 -0.024883953053257857
-0.8860803821153227 -0.8778190202844205
0.6619728299681809 -0.28892408648203505
-0.7575898436202639 -0.13003420164702262
0.13932565725913815 -0.6367427218279038
0.4885765504940518 -0.5310768417184291
-0.0819983078692148 0.11555474199680082
-0.6035455513139067 -0.34453649287503296
0.023094270547911133 -0.5968691533694155
-0.22692114420338472 0.6999117420618273
-0.2345368927530882 -0.06614432153170458
-0.19066881654960444 0.03780732510716933
0.1209463452758972 0.42847786624253215
-0.5960336437672615 0.2357921564632759
0.32373931492400443 -0.574714127560831
0.35543702967914936 0.0034545437111694888
0.22019926449130556 -0.06975787616300688
0.2806790085786337 0.2783280726205699
-0.6574048402042489 0.07936416916813882
0.21327719614289609 -0.4874908672429934
0.6068234251534472 0.0216025512405138
0.8538495934692054 -0.12445437335000986
-0.029804800598489445 -0.3271644020556146
-0.8484016238418306 -0.6957654264287347
-0.22021713583580715 -0.6752628093761934
0.6220936441062996 0.2220975002767691
0.2064359447077848 0.38963228393707383
-0.42422112351106067 -0.07062605361834895
-0.6025620916641488 0.2604863593135158
-0.20616674077305097 0.5313645270071568
0.19825464889869338 0.5780678444993028
-0.16457577517839073 -0.45232866011221673
-0.3210819496480197 -0.5969182429046855
-0.007529375547180361 0.018117466171329033
-0.07493190270606376 0.560156188339713
-0.15908140292688544 -0.11409564175595777
0.16329107003497545 -0.6554390475239629
0.20926473035397564 0.525875187986951
0.0021517919303051247 -0.1905991122138564
0.9008720939909274 -0.6923407505508292
-0.353604722946254 -0.2935188268829072
0.7479249862824549 -0.9434242876629468
0.16136659142780574 -0.08471178832965776
-0.20769168661707504 0.2810457334852343
0.7970691656983282 -0.010659455701300002
-0.17286021353557124 -0.6386017020799954
-0.4220080448193797 -0.6229050169930512
-0.2602506006908214 -0.3683988202635584
-0.2933238924855641 -0.07977133189663133
-0.3385630762144718 -0.5507882464058644
0.47998421923861856 0.5891626549261111
-0.2478543801334785 0.44685193983283655
0.9685666694287955 0.8519825965310339
0.5067131654545542 0.8495455995091836
0.42610034241823636 0.47369979889077163
0.20778435266005313 0.5927243759473741
-0.19267759238492022 -0.5938246982877573
0.5245973104370962 -0.23613458026287404
0.40077720633484293 0.38732526598289696
0.5681137494562722 0.08142264763756746
-0.4668748645884848 -0.5252700901094278
0.3734691906827172 -0.6809722474329465
-0.4677295170283895 -0.01374128291776433
0.271210949020368 0.510730679571697
-0.6608572450776922 -0.3170960583396527
0.6444104608642247 -0.17050511539704205
-0.5670654890826667 -0.33109977504123655
0.559492584770571 -0.2078042561119151
0.6858916037131486 -0.287508135490097
0.29350106446847657 -0.47772697848983103
0.245456040265714 -0.3335079104625951
0.5567178586358046 -0.4119626836078589
0.213066366961971 -0.2908064789292655
-0.11444954267587537 0.6598436945700761
-0.8037014319921014 0.38038146867529954
-0.6167703995995157 -0.46922772001035473
0.31945976344225935 0.2346727337280956
-0.39181851079607477 0.21489294823860883
0.44674616402725764 0.22458450871064506
0.5035638723635356 -0.3213023442475387
-0.5509651693504927 0.137798321624923
0.11809240787573727 -0.007537025575413692
-0.0050474961463085055 -0.23671898843160433
0.13366457939592746 0.33979574696449877
-0.3935042245459648 -0.3820966168272013
0.13512995548059648 -0.4836499858712331
